──────────────────────────────────────────────────
Número de nodos del grafo: 15
Número de aristas del grafo: 19
Vértice origen: 1
Vértice destino: 13
──────────────────────────────────────────────────
Iteración 1
Nodos Generados: 1
Nodos Inspeccionados: -
──────────────────────────────────────────────────
Iteración 2
Nodos Generados: 1, 2, 3
Nodos Inspeccionados: 1
──────────────────────────────────────────────────
Iteración 3
Nodos Generados: 1, 2, 3, 3, 4
Nodos Inspeccionados: 1, 2
──────────────────────────────────────────────────
Iteración 4
Nodos Generados: 1, 2, 3, 3, 4, 2, 4, 11
Nodos Inspeccionados: 1, 2, 3
──────────────────────────────────────────────────
Iteración 5
Nodos Generados: 1, 2, 3, 3, 4, 2, 4, 11, 4, 11
Nodos Inspeccionados: 1, 2, 3, 3
──────────────────────────────────────────────────
Iteración 6
Nodos Generados: 1, 2, 3, 3, 4, 2, 4, 11, 4, 11, 3, 6, 12
Nodos Inspeccionados: 1, 2, 3, 3, 4
──────────────────────────────────────────────────
Iteración 7
Nodos Generados: 1, 2, 3, 3, 4, 2, 4, 11, 4, 11, 3, 6, 12, 4
Nodos Inspeccionados: 1, 2, 3, 3, 4, 2
──────────────────────────────────────────────────
Iteración 8
Nodos Generados: 1, 2, 3, 3, 4, 2, 4, 11, 4, 11, 3, 6, 12, 4, 2, 6, 12
Nodos Inspeccionados: 1, 2, 3, 3, 4, 2, 4
──────────────────────────────────────────────────
Iteración 9
Nodos Generados: 1, 2, 3, 3, 4, 2, 4, 11, 4, 11, 3, 6, 12, 4, 2, 6, 12
Nodos Inspeccionados: 1, 2, 3, 3, 4, 2, 4, 11
──────────────────────────────────────────────────
Iteración 10
Nodos Generados: 1, 2, 3, 3, 4, 2, 4, 11, 4, 11, 3, 6, 12, 4, 2, 6, 12, 6, 12
Nodos Inspeccionados: 1, 2, 3, 3, 4, 2, 4, 11, 4
──────────────────────────────────────────────────
Iteración 11
Nodos Generados: 1, 2, 3, 3, 4, 2, 4, 11, 4, 11, 3, 6, 12, 4, 2, 6, 12, 6, 12
Nodos Inspeccionados: 1, 2, 3, 3, 4, 2, 4, 11, 4, 11
──────────────────────────────────────────────────
Iteración 12
Nodos Generados: 1, 2, 3, 3, 4, 2, 4, 11, 4, 11, 3, 6, 12, 4, 2, 6, 12, 6, 12, 11
Nodos Inspeccionados: 1, 2, 3, 3, 4, 2, 4, 11, 4, 11, 3
──────────────────────────────────────────────────
Iteración 13
Nodos Generados: 1, 2, 3, 3, 4, 2, 4, 11, 4, 11, 3, 6, 12, 4, 2, 6, 12, 6, 12, 11, 5, 7, 9, 10
Nodos Inspeccionados: 1, 2, 3, 3, 4, 2, 4, 11, 4, 11, 3, 6
──────────────────────────────────────────────────
Iteración 14
Nodos Generados: 1, 2, 3, 3, 4, 2, 4, 11, 4, 11, 3, 6, 12, 4, 2, 6, 12, 6, 12, 11, 5, 7, 9, 10, 5
Nodos Inspeccionados: 1, 2, 3, 3, 4, 2, 4, 11, 4, 11, 3, 6, 12
──────────────────────────────────────────────────
Iteración 15
Nodos Generados: 1, 2, 3, 3, 4, 2, 4, 11, 4, 11, 3, 6, 12, 4, 2, 6, 12, 6, 12, 11, 5, 7, 9, 10, 5, 6, 12
Nodos Inspeccionados: 1, 2, 3, 3, 4, 2, 4, 11, 4, 11, 3, 6, 12, 4
──────────────────────────────────────────────────
Iteración 16
Nodos Generados: 1, 2, 3, 3, 4, 2, 4, 11, 4, 11, 3, 6, 12, 4, 2, 6, 12, 6, 12, 11, 5, 7, 9, 10, 5, 6, 12
Nodos Inspeccionados: 1, 2, 3, 3, 4, 2, 4, 11, 4, 11, 3, 6, 12, 4, 2
──────────────────────────────────────────────────
Iteración 17
Nodos Generados: 1, 2, 3, 3, 4, 2, 4, 11, 4, 11, 3, 6, 12, 4, 2, 6, 12, 6, 12, 11, 5, 7, 9, 10, 5, 6, 12, 5, 7, 9, 10
Nodos Inspeccionados: 1, 2, 3, 3, 4, 2, 4, 11, 4, 11, 3, 6, 12, 4, 2, 6
──────────────────────────────────────────────────
Iteración 18
Nodos Generados: 1, 2, 3, 3, 4, 2, 4, 11, 4, 11, 3, 6, 12, 4, 2, 6, 12, 6, 12, 11, 5, 7, 9, 10, 5, 6, 12, 5, 7, 9, 10, 5
Nodos Inspeccionados: 1, 2, 3, 3, 4, 2, 4, 11, 4, 11, 3, 6, 12, 4, 2, 6, 12
──────────────────────────────────────────────────
Iteración 19
Nodos Generados: 1, 2, 3, 3, 4, 2, 4, 11, 4, 11, 3, 6, 12, 4, 2, 6, 12, 6, 12, 11, 5, 7, 9, 10, 5, 6, 12, 5, 7, 9, 10, 5, 5, 7, 9, 10
Nodos Inspeccionados: 1, 2, 3, 3, 4, 2, 4, 11, 4, 11, 3, 6, 12, 4, 2, 6, 12, 6
──────────────────────────────────────────────────
Iteración 20
Nodos Generados: 1, 2, 3, 3, 4, 2, 4, 11, 4, 11, 3, 6, 12, 4, 2, 6, 12, 6, 12, 11, 5, 7, 9, 10, 5, 6, 12, 5, 7, 9, 10, 5, 5, 7, 9, 10, 5
Nodos Inspeccionados: 1, 2, 3, 3, 4, 2, 4, 11, 4, 11, 3, 6, 12, 4, 2, 6, 12, 6, 12
──────────────────────────────────────────────────
Iteración 21
Nodos Generados: 1, 2, 3, 3, 4, 2, 4, 11, 4, 11, 3, 6, 12, 4, 2, 6, 12, 6, 12, 11, 5, 7, 9, 10, 5, 6, 12, 5, 7, 9, 10, 5, 5, 7, 9, 10, 5
Nodos Inspeccionados: 1, 2, 3, 3, 4, 2, 4, 11, 4, 11, 3, 6, 12, 4, 2, 6, 12, 6, 12, 11
──────────────────────────────────────────────────
Iteración 22
Nodos Generados: 1, 2, 3, 3, 4, 2, 4, 11, 4, 11, 3, 6, 12, 4, 2, 6, 12, 6, 12, 11, 5, 7, 9, 10, 5, 6, 12, 5, 7, 9, 10, 5, 5, 7, 9, 10, 5, 12, 13
Nodos Inspeccionados: 1, 2, 3, 3, 4, 2, 4, 11, 4, 11, 3, 6, 12, 4, 2, 6, 12, 6, 12, 11, 5
──────────────────────────────────────────────────
Iteración 23
Nodos Generados: 1, 2, 3, 3, 4, 2, 4, 11, 4, 11, 3, 6, 12, 4, 2, 6, 12, 6, 12, 11, 5, 7, 9, 10, 5, 6, 12, 5, 7, 9, 10, 5, 5, 7, 9, 10, 5, 12, 13, 8, 15
Nodos Inspeccionados: 1, 2, 3, 3, 4, 2, 4, 11, 4, 11, 3, 6, 12, 4, 2, 6, 12, 6, 12, 11, 5, 7
──────────────────────────────────────────────────
Iteración 24
Nodos Generados: 1, 2, 3, 3, 4, 2, 4, 11, 4, 11, 3, 6, 12, 4, 2, 6, 12, 6, 12, 11, 5, 7, 9, 10, 5, 6, 12, 5, 7, 9, 10, 5, 5, 7, 9, 10, 5, 12, 13, 8, 15, 15
Nodos Inspeccionados: 1, 2, 3, 3, 4, 2, 4, 11, 4, 11, 3, 6, 12, 4, 2, 6, 12, 6, 12, 11, 5, 7, 9
──────────────────────────────────────────────────
Iteración 25
Nodos Generados: 1, 2, 3, 3, 4, 2, 4, 11, 4, 11, 3, 6, 12, 4, 2, 6, 12, 6, 12, 11, 5, 7, 9, 10, 5, 6, 12, 5, 7, 9, 10, 5, 5, 7, 9, 10, 5, 12, 13, 8, 15, 15
Nodos Inspeccionados: 1, 2, 3, 3, 4, 2, 4, 11, 4, 11, 3, 6, 12, 4, 2, 6, 12, 6, 12, 11, 5, 7, 9, 10
──────────────────────────────────────────────────
Iteración 26
Nodos Generados: 1, 2, 3, 3, 4, 2, 4, 11, 4, 11, 3, 6, 12, 4, 2, 6, 12, 6, 12, 11, 5, 7, 9, 10, 5, 6, 12, 5, 7, 9, 10, 5, 5, 7, 9, 10, 5, 12, 13, 8, 15, 15, 6, 13
Nodos Inspeccionados: 1, 2, 3, 3, 4, 2, 4, 11, 4, 11, 3, 6, 12, 4, 2, 6, 12, 6, 12, 11, 5, 7, 9, 10, 5
──────────────────────────────────────────────────
Iteración 27
Nodos Generados: 1, 2, 3, 3, 4, 2, 4, 11, 4, 11, 3, 6, 12, 4, 2, 6, 12, 6, 12, 11, 5, 7, 9, 10, 5, 6, 12, 5, 7, 9, 10, 5, 5, 7, 9, 10, 5, 12, 13, 8, 15, 15, 6, 13, 5, 7, 9, 10
Nodos Inspeccionados: 1, 2, 3, 3, 4, 2, 4, 11, 4, 11, 3, 6, 12, 4, 2, 6, 12, 6, 12, 11, 5, 7, 9, 10, 5, 6
──────────────────────────────────────────────────
Iteración 28
Nodos Generados: 1, 2, 3, 3, 4, 2, 4, 11, 4, 11, 3, 6, 12, 4, 2, 6, 12, 6, 12, 11, 5, 7, 9, 10, 5, 6, 12, 5, 7, 9, 10, 5, 5, 7, 9, 10, 5, 12, 13, 8, 15, 15, 6, 13, 5, 7, 9, 10, 5
Nodos Inspeccionados: 1, 2, 3, 3, 4, 2, 4, 11, 4, 11, 3, 6, 12, 4, 2, 6, 12, 6, 12, 11, 5, 7, 9, 10, 5, 6, 12
──────────────────────────────────────────────────
Iteración 29
Nodos Generados: 1, 2, 3, 3, 4, 2, 4, 11, 4, 11, 3, 6, 12, 4, 2, 6, 12, 6, 12, 11, 5, 7, 9, 10, 5, 6, 12, 5, 7, 9, 10, 5, 5, 7, 9, 10, 5, 12, 13, 8, 15, 15, 6, 13, 5, 7, 9, 10, 5, 12, 13
Nodos Inspeccionados: 1, 2, 3, 3, 4, 2, 4, 11, 4, 11, 3, 6, 12, 4, 2, 6, 12, 6, 12, 11, 5, 7, 9, 10, 5, 6, 12, 5
──────────────────────────────────────────────────
Iteración 30
Nodos Generados: 1, 2, 3, 3, 4, 2, 4, 11, 4, 11, 3, 6, 12, 4, 2, 6, 12, 6, 12, 11, 5, 7, 9, 10, 5, 6, 12, 5, 7, 9, 10, 5, 5, 7, 9, 10, 5, 12, 13, 8, 15, 15, 6, 13, 5, 7, 9, 10, 5, 12, 13, 8, 15
Nodos Inspeccionados: 1, 2, 3, 3, 4, 2, 4, 11, 4, 11, 3, 6, 12, 4, 2, 6, 12, 6, 12, 11, 5, 7, 9, 10, 5, 6, 12, 5, 7
──────────────────────────────────────────────────
Iteración 31
Nodos Generados: 1, 2, 3, 3, 4, 2, 4, 11, 4, 11, 3, 6, 12, 4, 2, 6, 12, 6, 12, 11, 5, 7, 9, 10, 5, 6, 12, 5, 7, 9, 10, 5, 5, 7, 9, 10, 5, 12, 13, 8, 15, 15, 6, 13, 5, 7, 9, 10, 5, 12, 13, 8, 15, 15
Nodos Inspeccionados: 1, 2, 3, 3, 4, 2, 4, 11, 4, 11, 3, 6, 12, 4, 2, 6, 12, 6, 12, 11, 5, 7, 9, 10, 5, 6, 12, 5, 7, 9
──────────────────────────────────────────────────
Iteración 32
Nodos Generados: 1, 2, 3, 3, 4, 2, 4, 11, 4, 11, 3, 6, 12, 4, 2, 6, 12, 6, 12, 11, 5, 7, 9, 10, 5, 6, 12, 5, 7, 9, 10, 5, 5, 7, 9, 10, 5, 12, 13, 8, 15, 15, 6, 13, 5, 7, 9, 10, 5, 12, 13, 8, 15, 15
Nodos Inspeccionados: 1, 2, 3, 3, 4, 2, 4, 11, 4, 11, 3, 6, 12, 4, 2, 6, 12, 6, 12, 11, 5, 7, 9, 10, 5, 6, 12, 5, 7, 9, 10
──────────────────────────────────────────────────
Iteración 33
Nodos Generados: 1, 2, 3, 3, 4, 2, 4, 11, 4, 11, 3, 6, 12, 4, 2, 6, 12, 6, 12, 11, 5, 7, 9, 10, 5, 6, 12, 5, 7, 9, 10, 5, 5, 7, 9, 10, 5, 12, 13, 8, 15, 15, 6, 13, 5, 7, 9, 10, 5, 12, 13, 8, 15, 15, 6, 13
Nodos Inspeccionados: 1, 2, 3, 3, 4, 2, 4, 11, 4, 11, 3, 6, 12, 4, 2, 6, 12, 6, 12, 11, 5, 7, 9, 10, 5, 6, 12, 5, 7, 9, 10, 5
──────────────────────────────────────────────────
Iteración 34
Nodos Generados: 1, 2, 3, 3, 4, 2, 4, 11, 4, 11, 3, 6, 12, 4, 2, 6, 12, 6, 12, 11, 5, 7, 9, 10, 5, 6, 12, 5, 7, 9, 10, 5, 5, 7, 9, 10, 5, 12, 13, 8, 15, 15, 6, 13, 5, 7, 9, 10, 5, 12, 13, 8, 15, 15, 6, 13, 12, 13
Nodos Inspeccionados: 1, 2, 3, 3, 4, 2, 4, 11, 4, 11, 3, 6, 12, 4, 2, 6, 12, 6, 12, 11, 5, 7, 9, 10, 5, 6, 12, 5, 7, 9, 10, 5, 5
──────────────────────────────────────────────────
Iteración 35
Nodos Generados: 1, 2, 3, 3, 4, 2, 4, 11, 4, 11, 3, 6, 12, 4, 2, 6, 12, 6, 12, 11, 5, 7, 9, 10, 5, 6, 12, 5, 7, 9, 10, 5, 5, 7, 9, 10, 5, 12, 13, 8, 15, 15, 6, 13, 5, 7, 9, 10, 5, 12, 13, 8, 15, 15, 6, 13, 12, 13, 8, 15
Nodos Inspeccionados: 1, 2, 3, 3, 4, 2, 4, 11, 4, 11, 3, 6, 12, 4, 2, 6, 12, 6, 12, 11, 5, 7, 9, 10, 5, 6, 12, 5, 7, 9, 10, 5, 5, 7
──────────────────────────────────────────────────
Iteración 36
Nodos Generados: 1, 2, 3, 3, 4, 2, 4, 11, 4, 11, 3, 6, 12, 4, 2, 6, 12, 6, 12, 11, 5, 7, 9, 10, 5, 6, 12, 5, 7, 9, 10, 5, 5, 7, 9, 10, 5, 12, 13, 8, 15, 15, 6, 13, 5, 7, 9, 10, 5, 12, 13, 8, 15, 15, 6, 13, 12, 13, 8, 15, 15
Nodos Inspeccionados: 1, 2, 3, 3, 4, 2, 4, 11, 4, 11, 3, 6, 12, 4, 2, 6, 12, 6, 12, 11, 5, 7, 9, 10, 5, 6, 12, 5, 7, 9, 10, 5, 5, 7, 9
──────────────────────────────────────────────────
Iteración 37
Nodos Generados: 1, 2, 3, 3, 4, 2, 4, 11, 4, 11, 3, 6, 12, 4, 2, 6, 12, 6, 12, 11, 5, 7, 9, 10, 5, 6, 12, 5, 7, 9, 10, 5, 5, 7, 9, 10, 5, 12, 13, 8, 15, 15, 6, 13, 5, 7, 9, 10, 5, 12, 13, 8, 15, 15, 6, 13, 12, 13, 8, 15, 15
Nodos Inspeccionados: 1, 2, 3, 3, 4, 2, 4, 11, 4, 11, 3, 6, 12, 4, 2, 6, 12, 6, 12, 11, 5, 7, 9, 10, 5, 6, 12, 5, 7, 9, 10, 5, 5, 7, 9, 10
──────────────────────────────────────────────────
Iteración 38
Nodos Generados: 1, 2, 3, 3, 4, 2, 4, 11, 4, 11, 3, 6, 12, 4, 2, 6, 12, 6, 12, 11, 5, 7, 9, 10, 5, 6, 12, 5, 7, 9, 10, 5, 5, 7, 9, 10, 5, 12, 13, 8, 15, 15, 6, 13, 5, 7, 9, 10, 5, 12, 13, 8, 15, 15, 6, 13, 12, 13, 8, 15, 15, 6, 13
Nodos Inspeccionados: 1, 2, 3, 3, 4, 2, 4, 11, 4, 11, 3, 6, 12, 4, 2, 6, 12, 6, 12, 11, 5, 7, 9, 10, 5, 6, 12, 5, 7, 9, 10, 5, 5, 7, 9, 10, 5
──────────────────────────────────────────────────
Iteración 39
Nodos Generados: 1, 2, 3, 3, 4, 2, 4, 11, 4, 11, 3, 6, 12, 4, 2, 6, 12, 6, 12, 11, 5, 7, 9, 10, 5, 6, 12, 5, 7, 9, 10, 5, 5, 7, 9, 10, 5, 12, 13, 8, 15, 15, 6, 13, 5, 7, 9, 10, 5, 12, 13, 8, 15, 15, 6, 13, 12, 13, 8, 15, 15, 6, 13
Nodos Inspeccionados: 1, 2, 3, 3, 4, 2, 4, 11, 4, 11, 3, 6, 12, 4, 2, 6, 12, 6, 12, 11, 5, 7, 9, 10, 5, 6, 12, 5, 7, 9, 10, 5, 5, 7, 9, 10, 5, 12
──────────────────────────────────────────────────
Iteración 40
Nodos Generados: 1, 2, 3, 3, 4, 2, 4, 11, 4, 11, 3, 6, 12, 4, 2, 6, 12, 6, 12, 11, 5, 7, 9, 10, 5, 6, 12, 5, 7, 9, 10, 5, 5, 7, 9, 10, 5, 12, 13, 8, 15, 15, 6, 13, 5, 7, 9, 10, 5, 12, 13, 8, 15, 15, 6, 13, 12, 13, 8, 15, 15, 6, 13
Nodos Inspeccionados: 1, 2, 3, 3, 4, 2, 4, 11, 4, 11, 3, 6, 12, 4, 2, 6, 12, 6, 12, 11, 5, 7, 9, 10, 5, 6, 12, 5, 7, 9, 10, 5, 5, 7, 9, 10, 5, 12, 13
──────────────────────────────────────────────────
Camino: 1 - 2 - 4 - 6 - 5 - 13 - 
Costo: 36
No se encontró un camino entre los vértices 1 y 13
──────────────────────────────────────────────────
Costo: 36
──────────────────────────────────────────────────